 0  33  2  13  35  4  6  5  47  48  31  46  55  34  1  3  7  32  8  36  9  37  11  38  10  51  14  12  39  19  18  20  40  41  21  50  23  54  27  49  43  44  28  53  45  30  29  26  25  24  42  22  15  16  17  52  1846.000000 
 0  33  2  13  35  4  6  5  47  48  31  46  55  34  1  3  7  32  8  36  9  37  11  38  10  51  14  12  39  19  18  20  40  41  22  15  16  17  52  26  25  24  42  21  50  23  54  27  49  43  44  28  53  45  30  29  1864.000000 
 0  33  2  13  35  4  6  5  47  48  31  46  55  34  1  3  7  32  8  36  9  37  11  38  10  51  14  12  39  19  18  20  40  41  21  50  23  54  27  49  43  44  28  53  45  30  29  26  25  24  42  22  15  16  17  52  1846.000000 
 0  33  2  13  35  4  6  5  47  48  31  46  55  34  1  3  7  32  8  36  9  37  11  38  10  51  14  12  39  19  18  20  40  41  21  50  23  54  27  49  43  44  28  53  45  30  29  26  25  24  42  22  15  16  17  52  1846.000000 
 0  33  2  13  35  4  6  5  47  48  31  46  55  34  1  3  7  32  8  36  9  37  11  38  10  51  14  12  39  19  18  20  40  41  21  50  23  54  27  49  43  44  28  53  45  30  29  26  25  24  42  22  15  16  17  52  1846.000000 
 0  33  2  13  35  4  6  5  47  48  31  46  55  34  1  3  7  32  8  36  9  37  11  38  10  51  14  12  39  19  18  20  40  41  21  50  23  54  27  49  43  44  28  53  45  30  29  26  25  24  42  22  15  16  17  52  1846.000000 
 0  33  2  13  35  4  6  5  47  48  31  46  55  34  1  3  7  32  8  36  9  37  11  38  10  51  14  12  39  19  18  20  40  41  21  50  23  54  27  49  43  44  28  53  45  30  29  26  25  24  42  22  15  16  17  52  1846.000000 
 0  33  2  13  35  4  6  5  47  48  31  46  55  34  1  3  7  32  8  36  9  37  11  38  10  51  14  12  39  19  18  20  40  41  21  50  23  54  27  49  43  44  28  53  45  30  29  26  25  24  42  22  15  16  17  52  1846.000000 
 0  33  2  13  35  4  6  5  47  48  31  46  55  34  1  3  7  32  8  36  9  37  11  38  10  51  14  12  39  19  18  20  40  41  21  50  23  54  27  49  43  44  28  53  45  30  29  26  25  24  42  22  15  16  17  52  1846.000000 
 0  33  2  13  35  4  6  5  47  48  31  46  55  34  1  3  7  32  8  36  9  37  11  38  10  51  14  12  39  19  18  20  40  41  21  50  23  54  27  49  43  44  28  53  45  30  29  26  25  24  42  22  15  16  17  52  1846.000000 
 0  33  2  13  35  4  6  5  47  48  31  46  55  34  1  3  7  32  8  36  9  37  11  38  10  51  14  12  39  19  18  20  40  41  21  50  23  54  27  49  43  44  28  53  45  30  29  26  25  24  42  22  15  16  17  52  1846.000000 
 0  33  2  13  35  4  6  5  47  48  31  46  55  34  1  3  7  32  8  36  9  37  11  38  10  51  14  12  39  19  18  20  40  41  21  50  23  54  27  49  43  44  28  53  45  30  29  26  25  24  42  22  15  16  17  52  1846.000000 
 0  33  2  13  35  4  6  5  47  48  31  46  55  34  1  3  7  32  8  36  9  37  11  38  10  51  14  12  39  19  18  20  40  41  21  50  23  54  27  49  43  44  28  53  45  30  29  26  25  24  42  22  15  16  17  52  1846.000000 
 0  33  2  13  35  4  6  5  47  48  31  46  55  34  1  3  7  32  8  36  9  37  11  38  10  51  14  12  39  19  18  20  40  41  21  50  23  54  27  49  43  44  28  53  45  30  29  26  25  24  42  22  15  16  17  52  1846.000000 
 0  33  2  13  35  4  6  5  47  48  31  46  55  34  1  3  7  32  8  36  9  37  11  38  10  51  14  12  39  19  18  20  40  41  21  50  23  54  27  49  43  44  28  53  45  30  29  26  25  24  42  22  15  16  17  52  1846.000000 
 0  33  2  13  35  4  6  5  47  48  31  46  55  34  1  3  7  32  8  36  9  37  11  38  10  51  14  12  39  19  18  20  40  41  21  50  23  54  27  15  16  17  52  26  25  24  42  22  29  45  30  53  43  44  28  49  2054.000000 
 0  33  2  13  35  4  6  5  47  48  31  46  55  34  1  3  7  32  8  36  9  37  11  38  10  51  14  12  39  19  18  20  40  41  21  50  23  54  27  49  43  44  28  53  45  30  29  26  25  24  42  22  15  16  17  52  1846.000000 
 0  33  2  13  35  4  6  5  47  48  31  46  55  34  1  3  7  32  8  36  9  37  11  38  10  51  14  12  39  19  18  20  40  41  21  50  23  54  27  49  43  44  28  53  45  30  29  26  25  24  42  22  15  16  17  52  1846.000000 
 0  33  2  13  35  4  6  5  47  48  31  46  55  34  1  3  7  32  8  36  9  37  11  38  10  51  14  12  39  19  18  20  40  41  21  50  23  54  27  49  43  44  28  53  45  30  29  26  25  24  42  22  15  16  17  52  1846.000000 
 0  33  2  13  35  4  6  5  47  48  31  46  55  34  1  3  7  32  8  36  9  37  11  38  10  51  14  12  39  19  18  20  40  41  21  50  23  54  27  49  43  44  28  53  45  30  29  26  25  24  42  22  15  16  17  52  1846.000000 
 optimum path is given below
  0  33  2  13  35  4  6  5  47  48  31  46  55  34  1  3  7  32  8  36  9  37  11  19  18  39  38  10  51  14  12  15  16  17  52  26  25  24  42  22  20  40  41  21  50  23  54  27  49  43  44  28  53  45  30  0  1663 