

				----* 171 x 171 Matrix *----


	  Best Fitness :   9821 | Optimum : 1613 


PATH:

0  3  4  10  76  33  31  35  34  68  69  67  167  92  91  87  85  96  89  90  83  71  44  49  170  74  75  39  40  155  47  56  63  64  21  20  24  25  32  158  36  157  26  28  23  106  105  97  81  80  79  84  135  138  93  154  153  88  70  108  166  94  103  102  118  119  120  121  122  123  162  113  126  125  59  60  66  65  55  54  53  43  58  57  62  61  22  17  16  41  42  45  156  46  111  112  132  77  78  72  82  7  15  29  30  48  168  73  38  13  50  52  11  148  144  143  147  136  137  129  128  130  110  115  116  117  142  139  140  141  14  151  152  149  8  9  160  150  127  131  6  107  165  99  98  124  100  145  19  37  134  164  51  86  95  163  104  109  101  114  5  133  169  161  159  12  18  27  1  2  146  


================================


